first_event	event_time	difference	modulated

280.532000	280.532000	0.000000	0.000000
280.532000	560.408000	279.876000	1.513800  // fmod(279.876, 11.13) = 1.626
							  // fmod(279.876, 11.14) = 1.376
							  // meaning: this 1.513 is not an artifact of an inaccurate period
280.532000	638.348000	357.816000	1.512384
280.532000	725.896000	445.364000	-0.015520
280.532000	803.836000	523.304000	-0.016936
280.532000	826.120000	545.588000	-0.001912
280.532000	881.776000	601.244000	-0.018352
280.532000	904.048000	623.516000	-0.015328
280.532000	959.716000	679.184000	-0.019768
280.532000	972.380000	691.848000	1.509744
280.532000	981.988000	701.456000	-0.016744
280.532000	1028.052000	747.520000	1.509304
280.532000	1037.660000	757.128000	-0.017184
280.532000	1050.320000	769.788000	1.508328
280.532000	1059.928000	779.396000	-0.018160
280.532000	1105.992000	825.460000	1.507888
280.532000	1137.868000	857.336000	-0.019576
280.532000	1160.140000	879.608000	-0.016552
280.532000	1183.932000	903.400000	1.506472
280.532000	1193.556000	913.024000	-0.004016
280.532000	1215.808000	935.276000	-0.020992
280.532000	1238.080000	957.548000	-0.017968
280.532000	1271.496000	990.964000	-0.005432
280.532000	1273.012000	992.480000	1.510568
280.532000	1293.752000	1013.220000	-0.018408
280.532000	1316.020000	1035.488000	-0.019384
280.532000	1362.084000	1081.552000	1.506664
280.532000	1371.692000	1091.160000	-0.019824
280.532000	1393.960000	1113.428000	-0.020800
280.532000	1427.380000	1146.848000	-0.004264
280.532000	1440.024000	1159.492000	1.505248
280.532000	1449.632000	1169.100000	-0.021240
280.532000	1471.900000	1191.368000	-0.022216
280.532000	1495.696000	1215.164000	1.504808
280.532000	1527.576000	1247.044000	-0.018656
280.532000	1549.844000	1269.312000	-0.019632
280.532000	1605.516000	1324.984000	-0.020072
280.532000	1627.784000	1347.252000	-0.021048
280.532000	1705.724000	1425.192000	-0.022464
280.532000	2095.432000	1814.900000	-0.021544
280.532000	2273.580000	1993.048000	-0.025352
280.532000	2507.404000	2226.872000	-0.025600
280.532000	2585.344000	2304.812000	-0.027016
280.532000	2620.276000	2339.744000	1.501520
280.532000	2698.216000	2417.684000	1.500104
280.532000	2741.228000	2460.696000	-0.025848
280.532000	2819.168000	2538.636000	-0.027264
280.532000	2820.696000	2540.164000	1.500736
280.532000	2876.368000	2595.836000	1.500296
280.532000	2932.040000	2651.508000	1.499856
280.532000	3132.460000	2851.928000	1.499072
66828.604000	66828.604000	0.000000	0.000000
66828.604000	66906.544000	77.940000	-0.001416
66828.604000	66962.216000	133.612000	-0.001856
66828.604000	66984.484000	155.880000	-0.002832
66828.604000	67040.156000	211.552000	-0.003272
66828.604000	67062.428000	233.824000	-0.000248
66828.604000	67084.696000	256.092000	-0.001224
66828.604000	67095.828000	267.224000	-0.003712
66828.604000	67118.096000	289.492000	-0.004688
66828.604000	67140.368000	311.764000	-0.001664
66828.604000	67162.640000	334.036000	0.001360
66828.604000	67173.768000	345.164000	-0.005128
66828.604000	67196.040000	367.436000	-0.002104
66828.604000	67218.308000	389.704000	-0.003080
66828.604000	67240.580000	411.976000	-0.000056
66828.604000	67273.980000	445.376000	-0.003520
66828.604000	67296.248000	467.644000	-0.004496
66828.604000	67318.520000	489.916000	-0.001472
66828.604000	67351.920000	523.316000	-0.004936
66828.604000	67374.192000	545.588000	-0.001912
66828.604000	67396.460000	567.856000	-0.002888
66828.604000	67429.860000	601.256000	-0.006352
66828.604000	67452.132000	623.528000	-0.003328
66828.604000	67474.404000	645.800000	-0.000304
66828.604000	67485.532000	656.928000	-0.006792
66828.604000	67507.804000	679.200000	-0.003768
66828.604000	67530.072000	701.468000	-0.004744
66828.604000	67552.344000	723.740000	-0.001720
66828.604000	67585.744000	757.140000	-0.005184
66828.604000	67608.012000	779.408000	-0.006160
66828.604000	67663.684000	835.080000	-0.006600
66828.604000	67685.956000	857.352000	-0.003576
66828.604000	67741.628000	913.024000	-0.004016
66828.604000	67763.896000	935.292000	-0.004992
66828.604000	67819.568000	990.964000	-0.005432
66828.604000	67841.836000	1013.232000	-0.006408
66828.604000	67897.508000	1068.904000	-0.006848
66828.604000	67919.780000	1091.176000	-0.003824
66828.604000	67997.720000	1169.116000	-0.005240
66828.604000	68075.660000	1247.056000	-0.006656
156086.512000	156086.512000	0.000000	0.000000
156086.512000	156142.196000	55.684000	0.011560
166095.068000	166095.068000	0.000000	0.000000
186091.700000	186091.700000	0.000000	0.000000
206087.536000	206087.536000	0.000000	0.000000
226084.132000	226084.132000	0.000000	0.000000
266643.096000	266643.096000	0.000000	0.000000
266643.096000	266721.040000	77.944000	0.002584
266643.096000	266743.308000	100.212000	0.001608
266643.096000	266798.980000	155.884000	0.001168
266643.096000	266821.248000	178.152000	0.000192
266643.096000	266876.920000	233.824000	-0.000248
266643.096000	266899.188000	256.092000	-0.001224
266643.096000	266954.860000	311.764000	-0.001664
266643.096000	266977.132000	334.036000	0.001360
266643.096000	266999.400000	356.304000	0.000384
266643.096000	267055.072000	411.976000	-0.000056
266643.096000	267077.340000	434.244000	-0.001032
266643.096000	267133.012000	489.916000	-0.001472
266643.096000	267155.284000	512.188000	0.001552
266643.096000	267177.552000	534.456000	0.000576
266643.096000	267210.952000	567.856000	-0.002888
266643.096000	267233.224000	590.128000	0.000136
266643.096000	267255.496000	612.400000	0.003160
266643.096000	267311.164000	668.068000	-0.001280
266643.096000	267333.436000	690.340000	0.001744
266643.096000	267389.104000	746.008000	-0.002696
266643.096000	267411.376000	768.280000	0.000328
266643.096000	267467.048000	823.952000	-0.000112
266643.096000	267489.316000	846.220000	-0.001088
266643.096000	268413.468000	1770.372000	-0.011592
266643.096000	268469.140000	1826.044000	-0.012032
266643.096000	268569.352000	1926.256000	-0.010424
266643.096000	268647.292000	2004.196000	-0.011840
266643.096000	268725.232000	2082.136000	-0.013256
266643.096000	268747.524000	2104.428000	0.009768
266643.096000	268803.176000	2160.080000	-0.010672
266643.096000	268959.056000	2315.960000	-0.013504
333302.508000	333302.508000	0.000000	0.000000
333302.508000	333358.180000	55.672000	-0.000440
333302.508000	333380.448000	77.940000	-0.001416
333302.508000	333402.720000	100.212000	0.001608
333302.508000	333458.388000	155.880000	-0.002832
333302.508000	333480.660000	178.152000	0.000192
333302.508000	333502.928000	200.420000	-0.000784
333302.508000	333536.332000	233.824000	-0.000248
333302.508000	333558.600000	256.092000	-0.001224
333302.508000	333580.868000	278.360000	-0.002200
333302.508000	333592.024000	289.516000	0.019312
333302.508000	333614.272000	311.764000	-0.001664
333302.508000	333636.540000	334.032000	-0.002640
333302.508000	333658.808000	356.300000	-0.003616
333302.508000	333669.964000	367.456000	0.017896
333302.508000	333681.080000	378.572000	-0.000592
333302.508000	333692.212000	389.704000	-0.003080
333302.508000	333714.480000	411.972000	-0.004056
333302.508000	333736.752000	434.244000	-0.001032
333302.508000	333747.904000	445.396000	0.016480
333302.508000	333759.020000	456.512000	-0.002008
333302.508000	333770.156000	467.648000	-0.000496
333302.508000	333792.424000	489.916000	-0.001472
333302.508000	333814.692000	512.184000	-0.002448
333302.508000	333825.848000	523.340000	0.019064
333302.508000	333836.960000	534.452000	-0.003424
333302.508000	333848.096000	545.588000	-0.001912
333302.508000	333859.232000	556.724000	-0.000400
333302.508000	333870.364000	567.856000	-0.002888
333302.508000	333892.632000	590.124000	-0.003864
333302.508000	333903.808000	601.300000	0.037648
333302.508000	333914.904000	612.396000	-0.000840
333302.508000	333926.040000	623.532000	0.000672
333302.508000	333937.172000	634.664000	-0.001816
333302.508000	333948.304000	645.796000	-0.004304
333302.508000	333970.572000	668.064000	-0.005280
333302.508000	333981.748000	679.240000	0.036232
333302.508000	333992.844000	690.336000	-0.002256
333302.508000	334003.996000	701.488000	0.015256
333302.508000	334015.112000	712.604000	-0.003232
333302.508000	334026.244000	723.736000	-0.005720
333302.508000	334037.384000	734.876000	-0.000208
333302.508000	334048.516000	746.008000	-0.002696
333302.508000	334070.784000	768.276000	-0.003672
333302.508000	334081.936000	779.428000	0.013840
333302.508000	334093.056000	790.548000	-0.000648
333302.508000	334104.188000	801.680000	-0.003136
333302.508000	334115.324000	812.816000	-0.001624
333302.508000	334126.456000	823.948000	-0.004112
333302.508000	334137.616000	835.108000	0.021400
333302.508000	334148.724000	846.216000	-0.005088
333302.508000	334159.880000	857.372000	0.016424
333302.508000	334170.996000	868.488000	-0.002064
333302.508000	334182.128000	879.620000	-0.004552
333302.508000	334193.264000	890.756000	-0.003040
333302.508000	334204.396000	901.888000	-0.005528
333302.508000	334215.556000	913.048000	0.019984
333302.508000	334226.664000	924.156000	-0.006504
333302.508000	334237.820000	935.312000	0.015008
333302.508000	334248.936000	946.428000	-0.003480
333302.508000	334260.068000	957.560000	-0.005968
333302.508000	334271.208000	968.700000	-0.000456
333302.508000	334282.336000	979.828000	-0.006944
333302.508000	334293.500000	990.992000	0.022568
333302.508000	334304.608000	1002.100000	-0.003920
333302.508000	334315.760000	1013.252000	0.013592
333302.508000	334326.876000	1024.368000	-0.004896
333302.508000	334338.012000	1035.504000	-0.003384
333302.508000	334349.148000	1046.640000	-0.001872
333302.508000	334360.280000	1057.772000	-0.004360
333302.508000	334371.420000	1068.912000	0.001152
333302.508000	334382.548000	1080.040000	-0.005336
333302.508000	334393.700000	1091.192000	0.012176
333302.508000	334404.816000	1102.308000	-0.006312
333302.508000	334415.952000	1113.444000	-0.004800
333302.508000	334427.088000	1124.580000	-0.003288
333302.508000	334438.220000	1135.712000	-0.005776
333302.508000	334449.360000	1146.852000	-0.000264
333302.508000	334460.488000	1157.980000	-0.006752
333302.508000	334471.644000	1169.136000	0.014760
333302.508000	334482.760000	1180.252000	-0.003728
333302.508000	334493.912000	1191.404000	0.013784
333302.508000	334505.028000	1202.520000	-0.004704
333302.508000	334516.160000	1213.652000	-0.007192
333302.508000	334527.300000	1224.792000	-0.001680
333302.508000	334538.428000	1235.920000	-0.008168
333302.508000	334549.584000	1247.076000	0.013344
333302.508000	334560.700000	1258.192000	-0.005144
333302.508000	334571.852000	1269.344000	0.012368
333302.508000	334582.968000	1280.460000	-0.006120
333302.508000	334594.100000	1291.592000	-0.008608
333302.508000	334605.240000	1302.732000	-0.003096
333302.508000	334616.372000	1313.864000	-0.005584
333302.508000	334627.512000	1325.004000	-0.000072
333302.508000	334638.640000	1336.132000	-0.006560
333302.508000	334649.792000	1347.284000	0.010952
333302.508000	334660.912000	1358.404000	-0.003536
333302.508000	334672.044000	1369.536000	-0.006024
333302.508000	334683.180000	1380.672000	-0.004512
333302.508000	334694.312000	1391.804000	-0.007000
333302.508000	334705.468000	1402.960000	0.014512
333302.508000	334716.580000	1414.072000	-0.007976
333302.508000	334727.736000	1425.228000	0.013536
333302.508000	334738.852000	1436.344000	-0.004952
333302.508000	334749.984000	1447.476000	-0.007440
333302.508000	334761.124000	1458.616000	-0.001928
333302.508000	334772.252000	1469.744000	-0.008416
333302.508000	334783.408000	1480.900000	0.013096
333302.508000	334794.524000	1492.016000	-0.005392
333302.508000	334805.676000	1503.168000	0.012120
333302.508000	334816.792000	1514.284000	-0.006368
333302.508000	334827.924000	1525.416000	-0.008856
333302.508000	334839.084000	1536.576000	0.016656
333302.508000	334850.192000	1547.684000	-0.009832
333302.508000	334861.348000	1558.840000	0.011680
333302.508000	334872.464000	1569.956000	-0.006808
333302.508000	334894.732000	1592.224000	-0.007784
333302.508000	334905.864000	1603.356000	-0.010272
333302.508000	334917.004000	1614.496000	-0.004760
333302.508000	334928.136000	1625.628000	-0.007248
333302.508000	334939.276000	1636.768000	-0.001736
333302.508000	334950.404000	1647.896000	-0.008224
333302.508000	334972.676000	1670.168000	-0.005200
333302.508000	334994.968000	1692.460000	0.017824
333302.508000	335006.076000	1703.568000	-0.008664
333302.508000	335017.236000	1714.728000	0.016848
333302.508000	335028.344000	1725.836000	-0.009640
333302.508000	335050.616000	1748.108000	-0.006616
333302.508000	335072.884000	1770.376000	-0.007592
333302.508000	335084.016000	1781.508000	-0.010080
333302.508000	335106.284000	1803.776000	-0.011056
333302.508000	335128.556000	1826.048000	-0.008032
333302.508000	335150.828000	1848.320000	-0.005008
333302.508000	335161.956000	1859.448000	-0.011496
333302.508000	335173.112000	1870.604000	0.010016
333302.508000	335184.228000	1881.720000	-0.008472
333302.508000	335206.496000	1903.988000	-0.009448
333302.508000	335239.900000	1937.392000	-0.008912
333302.508000	335251.060000	1948.552000	0.016600
333302.508000	335262.168000	1959.660000	-0.009888
333302.508000	335273.320000	1970.812000	0.007624
333302.508000	335317.840000	2015.332000	-0.010328
333302.508000	335328.996000	2026.488000	0.011184
333302.508000	335451.472000	2148.964000	0.007816
333302.508000	335507.144000	2204.636000	0.007376
333302.508000	335529.412000	2226.904000	0.006400
333302.508000	335562.800000	2260.292000	-0.009064
333302.508000	335651.872000	2349.364000	-0.012968
333302.508000	335763.236000	2460.728000	0.006152
333302.508000	335841.176000	2538.668000	0.004736
333302.508000	335896.832000	2594.324000	-0.011704
333302.508000	336019.328000	2716.820000	0.004928
333302.508000	336074.988000	2772.480000	-0.007512
333302.508000	336097.256000	2794.748000	-0.008488
333302.508000	336130.656000	2828.148000	-0.011952
333302.508000	336197.480000	2894.972000	0.005120
333302.508000	336275.420000	2972.912000	0.003704
333302.508000	336353.360000	3050.852000	0.002288
333302.508000	336453.572000	3151.064000	0.003896
333302.508000	336531.512000	3229.004000	0.002480
333302.508000	336709.664000	3407.156000	0.002672
333302.508000	336787.604000	3485.096000	0.001256
333302.508000	336887.816000	3585.308000	0.002864
333302.508000	336965.756000	3663.248000	0.001448
333302.508000	337043.700000	3741.192000	0.004032
333302.508000	337065.968000	3763.460000	0.003056
333302.508000	337143.908000	3841.400000	0.001640
333302.508000	337322.060000	4019.552000	0.001832
452721.508000	452721.508000	0.000000	0.000000
462719.004000	462719.004000	0.000000	0.000000
472728.480000	472728.480000	0.000000	0.000000
492725.076000	492725.076000	0.000000	0.000000
533523.904000	533523.904000	0.000000	0.000000
533523.904000	533601.844000	77.940000	-0.001416
533523.904000	533679.784000	155.880000	-0.002832
533523.904000	533857.936000	334.032000	-0.002640
533523.904000	534203.096000	679.192000	-0.011768
533523.904000	534258.768000	734.864000	-0.012208
533523.904000	534281.036000	757.132000	-0.013184
533523.904000	534336.708000	812.804000	-0.013624
533523.904000	534459.188000	935.284000	-0.012992
533523.904000	534470.328000	946.424000	-0.007480
533523.904000	534492.592000	968.688000	-0.012456
533523.904000	534514.860000	990.956000	-0.013432
533523.904000	534570.532000	1046.628000	-0.013872
533523.904000	534648.476000	1124.572000	-0.011288
533523.904000	534748.684000	1224.780000	-0.013680
533523.904000	535272.004000	1748.100000	-0.014616
533523.904000	535305.404000	1781.500000	-0.018080
533523.904000	535349.944000	1826.040000	-0.016032
533523.904000	535383.344000	1859.440000	-0.019496
533523.904000	535394.484000	1870.580000	-0.013984
533523.904000	535405.616000	1881.712000	-0.016472
533523.904000	535427.884000	1903.980000	-0.017448
533523.904000	535472.424000	1948.520000	-0.015400
533523.904000	535483.556000	1959.652000	-0.017888
533523.904000	535505.824000	1981.920000	-0.018864
533523.904000	535528.096000	2004.192000	-0.015840
533523.904000	535561.496000	2037.592000	-0.019304
533523.904000	535583.764000	2059.860000	-0.020280
533523.904000	535606.036000	2082.132000	-0.017256
533523.904000	535628.304000	2104.400000	-0.018232
533523.904000	535639.436000	2115.532000	-0.020720
533523.904000	535650.576000	2126.672000	-0.015208
533523.904000	535661.708000	2137.804000	-0.017696
533523.904000	535683.976000	2160.072000	-0.018672
533523.904000	535706.248000	2182.344000	-0.015648
533523.904000	535717.376000	2193.472000	-0.022136
533523.904000	535739.648000	2215.744000	-0.019112
533523.904000	535761.916000	2238.012000	-0.020088
533523.904000	535784.188000	2260.284000	-0.017064
533523.904000	535817.588000	2293.684000	-0.020528
533523.904000	535839.856000	2315.952000	-0.021504
533523.904000	535862.128000	2338.224000	-0.018480
533523.904000	535917.800000	2393.896000	-0.018920
533523.904000	535940.068000	2416.164000	-0.019896
533523.904000	535962.340000	2438.436000	-0.016872
533523.904000	535995.740000	2471.836000	-0.020336

